6975298951861177/281474976710656 -56953/5000 0 -1 0 0 0 0 0 0 0 0 0 0 0 0 0 0 0 0 0 0 0 0 

-56953/5000 6975298951861177/281474976710656 -56953/5000 0 -1 0 0 0 0 0 0 0 0 0 0 0 0 0 0 0 0 0 0 0 

0 -56953/5000 6975298951861177/281474976710656 0 0 -1 0 0 0 0 0 0 0 0 0 0 0 0 0 0 0 0 0 0 

-1 0 0 6975298951861177/281474976710656 -56953/5000 0 -1 0 0 0 0 0 0 0 0 0 0 0 0 0 0 0 0 0 

0 -1 0 -56953/5000 6975298951861177/281474976710656 -56953/5000 0 -1 0 0 0 0 0 0 0 0 0 0 0 0 0 0 0 0 

0 0 -1 0 -56953/5000 6975298951861177/281474976710656 0 0 -1 0 0 0 0 0 0 0 0 0 0 0 0 0 0 0 

0 0 0 -1 0 0 6975298951861177/281474976710656 -56953/5000 0 -1 0 0 0 0 0 0 0 0 0 0 0 0 0 0 

0 0 0 0 -1 0 -56953/5000 6975298951861177/281474976710656 -56953/5000 0 -1 0 0 0 0 0 0 0 0 0 0 0 0 0 

0 0 0 0 0 -1 0 -56953/5000 6975298951861177/281474976710656 0 0 -1 0 0 0 0 0 0 0 0 0 0 0 0 

0 0 0 0 0 0 -1 0 0 6975298951861177/281474976710656 -56953/5000 0 -1 0 0 0 0 0 0 0 0 0 0 0 

0 0 0 0 0 0 0 -1 0 -56953/5000 6975298951861177/281474976710656 -56953/5000 0 -1 0 0 0 0 0 0 0 0 0 0 

0 0 0 0 0 0 0 0 -1 0 -56953/5000 6975298951861177/281474976710656 0 0 -1 0 0 0 0 0 0 0 0 0 

0 0 0 0 0 0 0 0 0 -1 0 0 6975298951861177/281474976710656 -56953/5000 0 -1 0 0 0 0 0 0 0 0 

0 0 0 0 0 0 0 0 0 0 -1 0 -56953/5000 6975298951861177/281474976710656 -56953/5000 0 -1 0 0 0 0 0 0 0 

0 0 0 0 0 0 0 0 0 0 0 -1 0 -56953/5000 6975298951861177/281474976710656 0 0 -1 0 0 0 0 0 0 

0 0 0 0 0 0 0 0 0 0 0 0 -1 0 0 6975298951861177/281474976710656 -56953/5000 0 -1 0 0 0 0 0 

0 0 0 0 0 0 0 0 0 0 0 0 0 -1 0 -56953/5000 6975298951861177/281474976710656 -56953/5000 0 -1 0 0 0 0 

0 0 0 0 0 0 0 0 0 0 0 0 0 0 -1 0 -56953/5000 6975298951861177/281474976710656 0 0 -1 0 0 0 

0 0 0 0 0 0 0 0 0 0 0 0 0 0 0 -1 0 0 6975298951861177/281474976710656 -56953/5000 0 -1 0 0 

0 0 0 0 0 0 0 0 0 0 0 0 0 0 0 0 -1 0 -56953/5000 6975298951861177/281474976710656 -56953/5000 0 -1 0 

0 0 0 0 0 0 0 0 0 0 0 0 0 0 0 0 0 -1 0 -56953/5000 6975298951861177/281474976710656 0 0 -1 

0 0 0 0 0 0 0 0 0 0 0 0 0 0 0 0 0 0 -1 0 0 6975298951861177/281474976710656 -56953/5000 0 

0 0 0 0 0 0 0 0 0 0 0 0 0 0 0 0 0 0 0 -1 0 -56953/5000 6975298951861177/281474976710656 -56953/5000 

0 0 0 0 0 0 0 0 0 0 0 0 0 0 0 0 0 0 0 0 -1 0 -56953/5000 6975298951861177/281474976710656 

